-1.021537843679153497e+02
-5.560692199528163826e+01
5.526274228541294775e+01
1.922693391494271395e+02
-5.371379274934943737e+01
1.915974426850155510e+01
-9.186715837343193414e+01
2.363707734693775819e+02
1.108505393272344577e+02
3.175270311667978831e+02
-2.128172587735399475e+02
-1.250633785700634490e+02
-2.589342096080298461e+01
2.089366704778932160e+01
6.137554624988619878e+01
1.023013194444619671e+02
5.434691140788945773e+00
1.280656321066459782e+02
9.463391156146226990e+01
-1.016295732227725637e+02
2.512116664145222558e+02
2.282743597931423096e+01
-1.339041219645623073e+02
-1.976551954035542735e+00
-7.611781022415406994e+00
-1.670884611746486144e+02
1.531050681474351904e+01
-6.278977595153966718e+01
-8.320339084243600780e+01
2.379759329482519661e+02
-2.286200221388578058e+01
4.382839748725753992e+01
1.413468740261112657e+02
-2.014828519069776860e+02
-8.119782475350808681e+01
1.240855391295114316e+02
8.468560023804076309e+01
1.876235816183943825e+02
1.550347547077095101e+00
-2.571740915465030071e+02
-1.056288447933920622e+02
1.842462509722936943e+02
-1.666644648002743452e+02
-2.007810434425535959e+02
-8.542497503782958290e+01
-2.778163545773157139e+01
-1.932577126832630370e+02
-6.988937289832598765e+01
8.093299587763759462e+01
8.242735182048363640e+00
1.157831246153810696e+02
-8.096289845674382946e+01
-1.849443928503779944e+01
4.086422513126252909e+01
1.725578218358783715e+02
-5.980397509578025961e-01
-5.524695308885502243e+01
3.086180419051494539e+01
-1.890226860762510341e+00
-1.769478232987422928e+01
-9.170916065459395838e+01
-1.821313497220182001e+02
-3.861660224330069013e+01
7.536034347154179613e+01
4.375835337113831542e+02
4.421734373457703526e+01
1.212440077702384400e+02
-1.848180616218755858e+02
-7.944499413363293172e+01
6.088990138077721070e+01
1.195871543259875835e+02
-2.674698114067574579e+02
8.080257531660966208e+01
-2.900839124426352669e+02
-3.399772298986187735e+01
1.681782227730513313e+01
-7.970663380664291253e-01
-2.012907765442910772e+02
4.432668452736770348e+01
9.340789884389428721e+01
8.718257859446983105e+01
3.313712170724525095e+02
9.086743824332286579e+01
-4.714317839301909885e+01
2.291584604484908141e+02
-2.151029633455239605e+02
-1.085005304191083297e+01
-1.426733466797157917e+02
1.205488624493663963e+02
-4.873460781995493107e+01
9.773980376141572890e+01
-8.592366562753488779e+01
1.414217001513073910e+02
-1.921847016827949162e+01
-8.520785946775319530e+01
-2.068397434037476899e+02
1.955460892631929823e+02
-3.598713192682934050e+02
4.952215347560460401e+01
4.073475289545555711e+00
