100
1395.733462
1470.758672
1296.788773
1412.233838
1295.152248
1068.775609
1374.312425
1213.774172
1451.300927
1311.606852
1169.913782
1219.666190
1268.375780
1142.721109
1171.668140
890.685770
1307.414398
1138.597041
1378.825486
1232.107865
1109.644852
1011.025525
1180.406613
1285.607650
1323.389172
1394.435166
1025.110856
1249.761331
1297.754977
1343.045338
1222.475451
1146.846546
1162.690233
1118.064067
1138.238298
1183.801269
1214.601868
1410.373168
1059.409950
1267.125632
1076.991164
1275.541865
1172.665534
1492.508083
1122.908123
1452.281780
1353.014211
1252.865064
1263.393870
1199.157709
1141.010289
1294.455433
1075.504203
1283.276791
1048.004560
1233.958569
1319.218714
1424.790830
1311.922948
1469.860313
1325.995359
1355.372705
1128.882013
1120.863809
1177.296236
1278.874814
1284.989103
1615.662200
1119.625861
1561.906719
1586.982762
1217.159262
1212.931594
1411.891220
1389.735988
1348.642065
1119.226212
1443.198325
1183.790299
1111.614255
1624.012502
1326.163708
1389.674606
1100.014170
1069.857133
1250.923154
1296.432498
1270.004521
1274.615620
1272.719733
1239.948342
1202.246266
1247.553867
1169.100385
1310.647647
985.344599
1346.263339
1046.393703
1185.767145
1121.345023
